81777 81778 81779 81780 81781 81728 81729 81730 81731 - 0.011
287504 287505 287506 - 0.0013
694347 694348 694349 694350 694351 694352 694353 - 0.0028
888889 888890 888909 888910 888911 888899 888912 888913 - 0.0043
899955 689520 689521 689522 689523 689524 689525 - 0.0056
534666 534667 534668 534669 534670 534671 534672 534673 534674 534675 534676 534677 534678 534679 56492 534680 534681 534682 534683 - 0.0068
414650 414649 414648 414647 414646 414645 414644 - 0.0044
440675 440674 440673 434748 434747 434746 434745 - 0.0031
171967 171966 171965 167489 167488 167487 167486 167485 167484 167483 167482 167481 167480 - 0.007
787761 96965 96966 760558 760559 760560 760561 595644 595658 - 0.0111
36856 36857 36858 36859 36860 36861 36862 36864 37351 - 0.0031
894695 894696 894697 894698 894699 - 0.0002
481324 481325 481326 481327 481328 480680 480681 480682 480683 480684 480685 - 0.0116
329330 329329 329328 - 0.001
857442 857441 857440 857439 577967 - 0.0125
633976 633977 633978 - 0.0001
657211 657212 657213 866366 866367 866368 866369 866370 884467 884468 884469 884470 884471 884472 884519 884523 884524 884525 884526 884642 884643 884644 884645 884646 884647 884648 - 0.0235
936831 936832 936833 629366 629367 629368 629369 629370 629371 591224 591225 591226 61065 61066 911868 911869 911870 911871 911872 911873 911874 911875 911876 911979 911980 911981 911911 911912 911913 - 0.029
918509 - 0
152712 152713 152714 152715 152716 144668 152717 152718 152719 - 0.0083
556853 556852 556851 676969 677006 - 0.0033
269850 269849 269848 - 0.0003
873867 873866 873865 - 0.0007
582054 582055 582065 826880 826879 - 0.0044
837343 837344 837345 651771 837346 837347 837348 837349 837350 837351 539261 542970 542974 542989 - 0.0122
572987 696659 915477 915478 915479 915480 915481 915482 915418 915419 915420 915421 915426 - 0.0014
311509 - 0
358457 358458 358459 372731 372732 - 0.006
198352 - 0
291492 291491 291490 - 0.0021
144279 - 0
303039 303038 303037 - 0.0003
844976 844975 844974 844973 844972 844971 844970 844969 844968 844967 844966 - 0.0118
694589 694588 694587 694586 694585 - 0.0027
212983 212984 212985 212986 212987 212988 212989 272528 272529 - 0.006
826032 826033 826034 826035 826036 826037 826038 826039 826040 - 0.0062
418181 418180 414136 - 0.0049
846859 846860 846861 874622 874623 846813 874624 874625 874626 874627 874628 874629 846862 846824 846825 846826 846827 846828 846829 - 0.0039
469390 469389 469388 - 0.0007
838537 838538 838539 838540 838541 838542 838543 - 0.0066
869145 - 0
602002 601917 602003 - 0.0028
604452 31077 31078 31079 533378 533379 533380 533381 533382 703432 703433 703434 703435 703436 727075 533441 533442 533443 533444 533445 533446 533447 533448 533449 533450 533451 533452 533453 533454 533405 - 0.0198
133134 133135 133136 133137 133138 133139 133140 - 0.0023
162923 162922 162921 - 0.0005
510596 510595 510594 510593 510592 - 0.0002
938872 938873 938874 938875 938876 938877 938878 938879 938880 938881 938882 938883 938884 938885 938886 938887 938745 938932 938918 938919 938920 938666 938921 938922 938923 - 0.0041
124752 - 0
81108 81107 81106 81105 81104 - 0.003
579171 579172 579173 579174 579175 - 0.0004
167007 167006 167005 167004 167003 167002 167001 - 0.0005
328978 328977 328976 328975 328974 328973 328972 - 0.0006
331083 331084 331085 331086 331087 331088 331089 331090 331091 - 0.0038
236005 236004 236003 - 0.0017
433329 433330 433331 433332 433333 - 0.0005
662494 662493 662410 662409 662408 662429 662428 - 0.0047
368571 368572 368573 368574 368575 368576 368577 368578 368405 - 0.006
469989 469981 469982 469983 469984 - 0.0082
522402 522401 522400 522399 522418 602767 668115 - 0.004
85413 85417 85418 85419 85420 85421 85422 85423 85424 85425 85426 91395 91394 91393 91392 91390 91391 91387 - 0.023
827790 827789 827788 - 0.0038
751321 751320 751319 751318 751317 - 0.0177
193939 193940 193941 - 0.0002
378937 378936 378935 - 0.0021
284691 224875 284692 - 0.001
862306 79568 862307 866970 866971 866972 866973 866974 866891 863810 866975 866976 866977 866978 866979 866980 866981 866982 866983 866951 866963 862388 31413 - 0.0189
540298 - 0
876215 876216 876217 876218 876267 876312 876313 - 0.0009
157354 117635 157353 157352 144424 - 0.0055
780193 45544 45531 774631 774632 774633 774621 774636 774635 774634 45637 774646 774645 774644 774643 780150 780151 780075 780152 780153 780154 - 0.0052
299451 292180 299452 938212 317077 317078 317079 317080 317081 - 0.008
481831 481832 482624 482931 482930 482929 482928 482927 482926 - 0.0023
469754 469724 469725 469726 469727 - 0.0054
279999 280000 280001 280002 280003 280004 280005 - 0.0059
31035 467077 467078 467079 467080 467081 888625 888626 888627 - 0.0033
287693 - 0
564224 564223 503657 503656 502160 - 0.0043
55781 - 0
357825 357826 357827 - 0.0004
666794 666740 666709 666710 666711 666712 666713 666714 666715 - 0.0131
762630 762455 762631 762632 762633 762634 762635 762401 783320 783319 783318 - 0.0141
904390 904389 904388 - 0.0002
306075 306074 306073 - 0.0001
617786 617785 617784 617783 617782 - 0.0054
674649 578995 - 0.0009
568148 568149 568150 - 0.0039
17534 17535 17536 680542 680541 - 0.0065
73083 73084 51293 51294 49644 49645 49646 49647 49648 600363 600364 600365 600366 600367 73193 600368 600369 600370 600371 10270 98088 24974 24973 600372 600373 600374 600375 600376 600377 600378 600379 - 0.0728
373913 373914 373915 - 0.0035
123713 123712 123711 123710 123709 - 0.0004
159237 159236 159235 159234 140111 117709 117710 117711 - 0.0041
360963 360964 360965 360966 360967 - 0.0018
799030 799029 799028 673104 799027 - 0.0004
317152 317151 223945 317150 317149 - 0.0021
535744 535745 535746 535747 535748 535749 535750 - 0.0003
239964 239965 239966 - 0.0023
917771 917772 917773 917774 917733 917734 917628 - 0.004
244239 244238 244237 229224 229225 229226 229227 229228 229229 - 0.011
203493 203494 203495 203496 203497 - 0.0008
898520 898521 898522 898523 898524 898525 898526 898527 898528 898529 898530 898531 898532 898533 898534 898535 898536 898537 898538 898539 898540 898541 898542 898543 898544 898545 898546 898547 898548 898549 898550 - 0.0115
